XTUY/ATTA: 3.61776
XTUY/ATTC: 3.62173
XTUY/ATTG: 3.65273
XTUY/ATTT: 3.57659
XTUY/CTTA: 3.54242
XTUY/CTTC: 3.62355
XTUY/CTTG: 3.67916
XTUY/CTTT: 3.58476
XTUY/GTTA: 3.69307
XTUY/GTTC: 3.63256
XTUY/GTTG: 3.7802
XTUY/GTTT: 3.65868
XTUY/TTTA: 3.60285
XTUY/TTTC: 3.62884
XTUY/TTTG: 3.74815
XTUY/TTTT: 3.64367
