XTUY/ATTA: 3.54136
XTUY/ATTC: 2.39782
XTUY/ATTG: 3.53323
XTUY/ATTT: 3.45866
XTUY/CTTA: 3.48852
XTUY/CTTC: 3.48272
XTUY/CTTG: 3.52441
XTUY/CTTT: 3.54517
XTUY/GTTA: 3.53727
XTUY/GTTC: 3.48136
XTUY/GTTG: 3.47862
XTUY/GTTT: 3.54849
XTUY/TTTA: 3.44847
XTUY/TTTC: 3.52974
XTUY/TTTG: 3.49456
XTUY/TTTT: 3.62513
