XTUY/ATTA_minor: 1.19449
XTUY/ATTC_minor: 1.09421
XTUY/ATTG_minor: 1.23976
XTUY/ATTT_minor: 1.22161
XTUY/CTTA_minor: 1.28672
XTUY/CTTC_minor: 1.12366
XTUY/CTTG_minor: 1.21221
XTUY/CTTT_minor: 1.14707
XTUY/GTTA_minor: 1.27932
XTUY/GTTC_minor: 1.28517
XTUY/GTTG_minor: 1.29281
XTUY/GTTT_minor: 1.29367
XTUY/TTTA_minor: 1.27145
XTUY/TTTC_minor: 1.18825
XTUY/TTTG_minor: 1.23571
XTUY/TTTT_minor: 1.33802
