XTUY/ATTA: 1.08755
XTUY/ATTC: 1.16119
XTUY/ATTG: 1.0583
XTUY/ATTT: 1.01132
XTUY/CTTA: 1.0227
XTUY/CTTC: 1.02653
XTUY/CTTG: 1.05988
XTUY/CTTT: 1.07464
XTUY/GTTA: 1.09069
XTUY/GTTC: 1.02193
XTUY/GTTG: 1.00488
XTUY/GTTT: 1.09052
XTUY/TTTA: 1.00304
XTUY/TTTC: 1.07791
XTUY/TTTG: 1.03524
XTUY/TTTT: 1.17894
