XTUY/ATTA: 1.15141
XTUY/ATTC: 1.16109
XTUY/ATTG: 1.1677
XTUY/ATTT: 1.12233
XTUY/CTTA: 1.07911
XTUY/CTTC: 1.14563
XTUY/CTTG: 1.22781
XTUY/CTTT: 1.13765
XTUY/GTTA: 1.21
XTUY/GTTC: 1.18053
XTUY/GTTG: 1.32295
XTUY/GTTT: 1.19255
XTUY/TTTA: 1.14753
XTUY/TTTC: 1.17007
XTUY/TTTG: 1.29833
XTUY/TTTT: 1.19869
