XTUY/ATTA: 1.08762
XTUY/ATTC: 1.16125
XTUY/ATTG: 1.05836
XTUY/ATTT: 1.01141
XTUY/CTTA: 1.02276
XTUY/CTTC: 1.02667
XTUY/CTTG: 1.06011
XTUY/CTTT: 1.07476
XTUY/GTTA: 1.09094
XTUY/GTTC: 1.022
XTUY/GTTG: 1.005
XTUY/GTTT: 1.09059
XTUY/TTTA: 1.00312
XTUY/TTTC: 1.07801
XTUY/TTTG: 1.0353
XTUY/TTTT: 1.17905
