XTUY/ATTA: 1.15148
XTUY/ATTC: 1.16115
XTUY/ATTG: 1.16777
XTUY/ATTT: 1.12255
XTUY/CTTA: 1.07918
XTUY/CTTC: 1.14578
XTUY/CTTG: 1.22788
XTUY/CTTT: 1.13791
XTUY/GTTA: 1.21009
XTUY/GTTC: 1.18058
XTUY/GTTG: 1.32332
XTUY/GTTT: 1.19285
XTUY/TTTA: 1.14765
XTUY/TTTC: 1.17013
XTUY/TTTG: 1.29841
XTUY/TTTT: 1.19878
